------------------------------------------------------------------------------------------------------------------------------------------------------------------------------
  Bin Id             Marker lineage            # genomes   # markers   # marker sets    0     1      2    3    4    5+   Completeness   Contamination   Strain heterogeneity  
------------------------------------------------------------------------------------------------------------------------------------------------------------------------------
  bin.9               root (UID1)                 5656         56            24         0     0      0    0    55   1       100.00          300.38             99.71          
  bin.8               root (UID1)                 5656         56            24         0     0      0    31   23   2       100.00          271.97             92.75          
  bin.77    c__Alphaproteobacteria (UID3422)       26         529           308         0    522     7    0    0    0       100.00           2.27              57.14          
  bin.72    c__Gammaproteobacteria (UID4444)      263         507           232         0    503     4    0    0    0       100.00           1.10               0.00          
  bin.7               root (UID1)                 5656         56            24         0     0      0    0    4    52      100.00          465.36             28.46          
  bin.6               root (UID1)                 5656         56            24         0     0      0    0    2    54      100.00          617.02             24.69          
  bin.52      o__Pseudomonadales (UID4488)        185         813           308         0    810     3    0    0    0       100.00           0.20               0.00          
  bin.51       o__Cytophagales (UID2938)           28         439           266         0    439     0    0    0    0       100.00           0.00               0.00          
  bin.50      o__Pseudomonadales (UID4488)        185         813           308         0    810     3    0    0    0       100.00           0.30               0.00          
  bin.40     f__Pseudomonadaceae (UID4490)        183         844           320         0    836     8    0    0    0       100.00           1.03               0.00          
  bin.4               root (UID1)                 5656         56            24         0     0      0    3    5    48      100.00          661.33             56.73          
  bin.39     f__Pseudomonadaceae (UID4490)        183         845           321         0    843     2    0    0    0       100.00           0.17               0.00          
  bin.34     f__Streptomycetaceae (UID2048)        60         460           233         0    460     0    0    0    0       100.00           0.00               0.00          
  bin.30      o__Burkholderiales (UID4002)        107         574           251         0    563     11   0    0    0       100.00           2.32               9.09          
  bin.25      o__Burkholderiales (UID4000)        193         427           214         0    424     3    0    0    0       100.00           0.55               0.00          
  bin.22      o__Burkholderiales (UID4002)        107         569           249         0    563     6    0    0    0       100.00           0.77               0.00          
  bin.20      o__Burkholderiales (UID4000)        193         427           214         0    420     5    2    0    0       100.00           1.92              54.55          
  bin.18          k__Bacteria (UID203)            5449        104            58         0     84     20   0    0    0       100.00          10.34              30.00          
  bin.17      o__Actinomycetales (UID2014)         33         350           203         0    349     1    0    0    0       100.00           0.08               0.00          
  bin.13              root (UID1)                 5656         56            24         0     0      56   0    0    0       100.00          100.00             51.79          
  bin.60      o__Burkholderiales (UID4002)        107         573           251         1    568     4    0    0    0       99.95            1.02               0.00          
  bin.54      o__Burkholderiales (UID4001)        108         570           250         1    563     5    1    0    0       99.95            1.77               0.00          
  bin.36      g__Bradyrhizobium (UID3699)          37         824           336         2    821     1    0    0    0       99.95            0.30               0.00          
  bin.45     f__Burkholderiaceae (UID4003)         91         596           218         1    594     1    0    0    0       99.94            0.08               0.00          
  bin.24       f__Rhizobiaceae (UID3591)           50         838           326         1    827     10   0    0    0       99.94            1.08               0.00          
  bin.56    c__Alphaproteobacteria (UID3422)       26         529           308         1    514     12   1    0    1       99.92            3.92               2.33          
  bin.33        o__Rhizobiales (UID3450)          238         513           244         1    508     4    0    0    0       99.92            0.28               0.00          
  bin.26        o__Rhizobiales (UID3450)          238         513           244         1    498     14   0    0    0       99.92            1.82               0.00          
  bin.21     f__Streptomycetaceae (UID2048)        60         460           233         1    456     1    2    0    0       99.89            1.79              28.57          
  bin.64     f__Burkholderiaceae (UID4003)         91         596           218         2    592     2    0    0    0       99.89            0.69               0.00          
  bin.46      o__Burkholderiales (UID4105)         54         553           264         2    550     1    0    0    0       99.87            0.38               0.00          
  bin.43        g__Pseudomonas (UID4550)           78         1044          368         3    1037    4    0    0    0       99.85            0.61               0.00          
  bin.48        o__Rhizobiales (UID3449)          345         430           257         1    426     3    0    0    0       99.81            0.16               0.00          
  bin.42     f__Xanthomonadaceae (UID4214)         55         659           290         2    651     4    2    0    0       99.80            1.67               0.00          
  bin.16       g__Burkholderia (UID4006)           64         769           248         2    752     15   0    0    0       99.80            1.80               0.00          
  bin.59      o__Burkholderiales (UID4105)         54         553           264         2    546     5    0    0    0       99.78            1.16               0.00          
  bin.74     f__Xanthomonadaceae (UID4214)         55         659           290         2    655     2    0    0    0       99.78            0.69               0.00          
  bin.58      o__Burkholderiales (UID4000)        193         427           214         1    421     5    0    0    0       99.77            0.85              40.00          
  bin.28       f__Rhizobiaceae (UID3564)           78         840           354         2    830     7    0    1    0       99.66            1.14               7.69          
  bin.78     f__Flavobacteriaceae (UID2817)        81         511           283         1    507     3    0    0    0       99.65            0.35               0.00          
  bin.67     f__Flavobacteriaceae (UID2817)        81         511           283         1    508     2    0    0    0       99.65            0.25               0.00          
  bin.61     f__Flavobacteriaceae (UID2817)        81         511           283         1    510     0    0    0    0       99.65            0.00               0.00          
  bin.53     f__Flavobacteriaceae (UID2817)        81         511           283         1    501     9    0    0    0       99.65            1.32               0.00          
  bin.37       g__Burkholderia (UID4006)           64         769           248         1    767     1    0    0    0       99.60            0.40               0.00          
  bin.70     o__Sphingomonadales (UID3310)         26         569           293         2    552     14   1    0    0       99.57            3.43               0.00          
  bin.65      o__Burkholderiales (UID4105)         54         553           264         3    549     1    0    0    0       99.56            0.02               0.00          
  bin.63      o__Burkholderiales (UID4105)         54         553           264         3    549     1    0    0    0       99.56            0.02               0.00          
  bin.62      o__Burkholderiales (UID4105)         54         553           264         3    541     9    0    0    0       99.56            2.25              11.11          
  bin.57       f__Rhizobiaceae (UID3563)           81         808           337         2    802     4    0    0    0       99.55            0.26               0.00          
  bin.55      o__Burkholderiales (UID4002)        107         573           251         2    564     7    0    0    0       99.55            1.39               0.00          
  bin.29      o__Burkholderiales (UID4000)        193         427           214         1    420     6    0    0    0       99.53            0.87              33.33          
  bin.69    c__Alphaproteobacteria (UID3422)       26         529           308         2    514     13   0    0    0       99.51            3.03               0.00          
  bin.31       g__Burkholderia (UID4006)           64         769           248         2    757     10   0    0    0       99.50            1.13               0.00          
  bin.27      o__Actinomycetales (UID1696)        455         315           190         1    309     5    0    0    0       99.47            1.75               0.00          
  bin.47        o__Rhizobiales (UID3447)          356         408           244         4    397     7    0    0    0       99.44            1.48               0.00          
  bin.38        g__Pseudomonas (UID4576)           50         1090          364         3    1083    4    0    0    0       99.38            0.54               0.00          
  bin.71        o__Rhizobiales (UID3654)           92         481           319         2    479     0    0    0    0       99.37            0.00               0.00          
  bin.73     f__Xanthomonadaceae (UID4214)         55         659           290         5    653     1    0    0    0       99.20            0.04               0.00          
  bin.14       g__Burkholderia (UID4006)           64         769           248         4    753     12   0    0    0       99.19            1.12               8.33          
  bin.75       o__Clostridiales (UID1120)         304         250           143         2    244     3    1    0    0       98.60            1.68              16.67          
  bin.44        g__Pseudomonas (UID4550)           78         1044          368         12   1027    5    0    0    0       98.44            0.54               0.00          
  bin.49       f__Rhizobiaceae (UID3563)           81         808           337         11   781     16   0    0    0       98.24            1.97               0.00          
  bin.41      o__Actinomycetales (UID1696)        455         315           190         8    303     4    0    0    0       97.11            1.58               0.00          
  bin.15      o__Actinomycetales (UID1746)        334         368           206         14   258     80   15   1    0       96.99           34.81               0.76          
  bin.23       g__Streptomyces (UID2055)           49         577           284         19   552     6    0    0    0       96.69            1.45              16.67          
  bin.76      f__Micrococcaceae (UID1631)          31         367           171         24   340     3    0    0    0       94.77            0.88               0.00          
  bin.12    c__Deltaproteobacteria (UID3216)       83         247           155         10   226     10   1    0    0       94.19            7.12               7.69          
  bin.32          k__Bacteria (UID203)            5449        103            57         4     82     17   0    0    0       92.98            9.49               5.88          
  bin.35      o__Burkholderiales (UID4000)        193         427           214         45   249    128   5    0    0       86.64           31.66               0.00          
  bin.80      f__Micrococcaceae (UID1623)          39         457           218         54   387     16   0    0    0       86.03            4.42               0.00          
  bin.79          g__Bacillus (UID864)             93         711           241        103   599     9    0    0    0       85.67            1.12               0.00          
  bin.66    c__Alphaproteobacteria (UID3305)      564         345           228         73   202     68   1    1    0       78.80           20.70               1.30          
  bin.1            k__Archaea (UID2)              207         149           107         33    14     17   27   18   40      75.24           199.23              4.44          
  bin.3            k__Archaea (UID2)              207         149           107         32    29     33   14   23   18      75.01           118.36              7.30          
  bin.82     f__Xanthomonadaceae (UID4214)         55         659           290        190   467     2    0    0    0       69.57            0.69               0.00          
  bin.5           k__Bacteria (UID203)            5449        104            58         43    36     21   4    0    0       46.99           10.49               0.00          
  bin.83    c__Alphaproteobacteria (UID3305)      564         345           228        198   147     0    0    0    0       46.40            0.00               0.00          
  bin.89          k__Bacteria (UID203)            5449        104            58         76    28     0    0    0    0       41.38            0.00               0.00          
  bin.2           k__Bacteria (UID203)            5449        104            58         44    15     16   13   8    8       40.41           52.65              29.52          
  bin.90      f__Micrococcaceae (UID1623)          39         457           218        287   167     3    0    0    0       36.63            0.61               0.00          
  bin.94          k__Bacteria (UID203)            5449        104            58         79    25     0    0    0    0       35.52            0.00               0.00          
  bin.19           k__Archaea (UID2)              207         149           107        116    29     2    2    0    0       22.63            3.27              12.50          
  bin.11           k__Archaea (UID2)              207         149           107        109    23     15   1    1    0       20.84            8.63              16.67          
  bin.93          k__Bacteria (UID203)            5449        104            58         85    15     4    0    0    0        8.62            1.19              100.00         
  bin.100         k__Bacteria (UID203)            5449        102            56         96    6      0    0    0    0        8.04            0.00               0.00          
  bin.10           k__Archaea (UID2)              207         149           107        140    8      1    0    0    0        5.84            0.47               0.00          
  bin.105         k__Bacteria (UID203)            5449        103            57        100    3      0    0    0    0        5.26            0.00               0.00          
  bin.111         k__Bacteria (UID203)            5449        104            58         96    8      0    0    0    0        4.76            0.00               0.00          
  bin.81          k__Bacteria (UID203)            5449        104            58        100    4      0    0    0    0        2.38            0.00               0.00          
  bin.106         k__Bacteria (UID203)            5449        103            57         98    2      3    0    0    0        2.23            1.91              100.00         
  bin.91           k__Archaea (UID2)              207         149           107        141    7      1    0    0    0        2.08            0.23               0.00          
  bin.120         k__Bacteria (UID203)            5449        104            58        102    2      0    0    0    0        1.72            0.00               0.00          
  bin.102          k__Archaea (UID2)              207         149           107        148    1      0    0    0    0        0.93            0.00               0.00          
  bin.99              root (UID1)                 5656         56            24         56    0      0    0    0    0        0.00            0.00               0.00          
  bin.98              root (UID1)                 5656         56            24         56    0      0    0    0    0        0.00            0.00               0.00          
  bin.97              root (UID1)                 5656         56            24         56    0      0    0    0    0        0.00            0.00               0.00          
  bin.96              root (UID1)                 5656         56            24         56    0      0    0    0    0        0.00            0.00               0.00          
  bin.95              root (UID1)                 5656         56            24         56    0      0    0    0    0        0.00            0.00               0.00          
  bin.92              root (UID1)                 5656         56            24         56    0      0    0    0    0        0.00            0.00               0.00          
  bin.88              root (UID1)                 5656         56            24         56    0      0    0    0    0        0.00            0.00               0.00          
  bin.87              root (UID1)                 5656         56            24         56    0      0    0    0    0        0.00            0.00               0.00          
  bin.86              root (UID1)                 5656         56            24         56    0      0    0    0    0        0.00            0.00               0.00          
  bin.85              root (UID1)                 5656         56            24         56    0      0    0    0    0        0.00            0.00               0.00          
  bin.84              root (UID1)                 5656         56            24         56    0      0    0    0    0        0.00            0.00               0.00          
  bin.68              root (UID1)                 5656         56            24         56    0      0    0    0    0        0.00            0.00               0.00          
  bin.124             root (UID1)                 5656         56            24         56    0      0    0    0    0        0.00            0.00               0.00          
  bin.123             root (UID1)                 5656         56            24         56    0      0    0    0    0        0.00            0.00               0.00          
  bin.122             root (UID1)                 5656         56            24         56    0      0    0    0    0        0.00            0.00               0.00          
  bin.121             root (UID1)                 5656         56            24         56    0      0    0    0    0        0.00            0.00               0.00          
  bin.119             root (UID1)                 5656         56            24         56    0      0    0    0    0        0.00            0.00               0.00          
  bin.118             root (UID1)                 5656         56            24         56    0      0    0    0    0        0.00            0.00               0.00          
  bin.117             root (UID1)                 5656         56            24         56    0      0    0    0    0        0.00            0.00               0.00          
  bin.116             root (UID1)                 5656         56            24         56    0      0    0    0    0        0.00            0.00               0.00          
  bin.115             root (UID1)                 5656         56            24         56    0      0    0    0    0        0.00            0.00               0.00          
  bin.114             root (UID1)                 5656         56            24         56    0      0    0    0    0        0.00            0.00               0.00          
  bin.113             root (UID1)                 5656         56            24         56    0      0    0    0    0        0.00            0.00               0.00          
  bin.112             root (UID1)                 5656         56            24         56    0      0    0    0    0        0.00            0.00               0.00          
  bin.110             root (UID1)                 5656         56            24         56    0      0    0    0    0        0.00            0.00               0.00          
  bin.109             root (UID1)                 5656         56            24         56    0      0    0    0    0        0.00            0.00               0.00          
  bin.108             root (UID1)                 5656         56            24         56    0      0    0    0    0        0.00            0.00               0.00          
  bin.107             root (UID1)                 5656         56            24         56    0      0    0    0    0        0.00            0.00               0.00          
  bin.104             root (UID1)                 5656         56            24         56    0      0    0    0    0        0.00            0.00               0.00          
  bin.103             root (UID1)                 5656         56            24         56    0      0    0    0    0        0.00            0.00               0.00          
  bin.101             root (UID1)                 5656         56            24         56    0      0    0    0    0        0.00            0.00               0.00          
------------------------------------------------------------------------------------------------------------------------------------------------------------------------------
