----------------------------------------------------------------------------------------------------------------------------------------------------------------------------
  Bin Id             Marker lineage            # genomes   # markers   # marker sets    0     1    2    3    4    5+   Completeness   Contamination   Strain heterogeneity  
----------------------------------------------------------------------------------------------------------------------------------------------------------------------------
  bin.7       o__Actinomycetales (UID2014)         33         350           203         0    345   5    0    0    0       100.00           0.79              14.29          
  bin.59    c__Alphaproteobacteria (UID3422)       26         529           308         0    523   6    0    0    0       100.00           1.95              50.00          
  bin.4           k__Bacteria (UID203)            5449        104            58         0     42   31   29   2    0       100.00          130.28             40.00          
  bin.12      o__Burkholderiales (UID4000)        193         427           214         0    416   11   0    0    0       100.00           3.44               0.00          
  bin.10      o__Burkholderiales (UID4002)        107         569           249         0    561   8    0    0    0       100.00           1.58               0.00          
  bin.13       f__Rhizobiaceae (UID3591)           50         838           326         1    827   10   0    0    0       99.94            1.08               0.00          
  bin.36    c__Alphaproteobacteria (UID3422)       26         529           308         1    508   18   1    0    1       99.92            4.68               2.04          
  bin.27     f__Burkholderiaceae (UID4003)         91         596           218         3    590   3    0    0    0       99.88            0.54               0.00          
  bin.62     f__Bradyrhizobiaceae (UID3695)        47         693           296         2    691   0    0    0    0       99.80            0.00               0.00          
  bin.41      o__Burkholderiales (UID4000)        193         427           214         1    420   6    0    0    0       99.77            0.87              50.00          
  bin.16       f__Rhizobiaceae (UID3564)           78         840           354         2    829   8    0    1    0       99.66            1.15              14.29          
  bin.61     f__Flavobacteriaceae (UID2817)        81         511           283         1    507   3    0    0    0       99.65            0.35               0.00          
  bin.49     f__Flavobacteriaceae (UID2817)        81         511           283         1    508   2    0    0    0       99.65            0.25               0.00          
  bin.51     o__Sphingomonadales (UID3310)         26         569           293         2    552   14   1    0    0       99.57            3.43               0.00          
  bin.19     f__Streptomycetaceae (UID2048)        60         460           233         1    455   4    0    0    0       99.57            0.16              33.33          
  bin.32      o__Pseudomonadales (UID4488)        185         813           308         6    776   31   0    0    0       99.52            3.35              41.94          
  bin.34        o__Rhizobiales (UID3447)          356         408           244         4    400   4    0    0    0       99.44            1.43               0.00          
  bin.46     f__Burkholderiaceae (UID4003)         91         596           218         7    586   3    0    0    0       99.38            0.92              33.33          
  bin.52        o__Rhizobiales (UID3654)           92         481           319         2    478   1    0    0    0       99.37            0.16              100.00         
  bin.50    c__Alphaproteobacteria (UID3422)       26         529           308         3    505   21   0    0    0       99.35            4.55               0.00          
  bin.45     f__Flavobacteriaceae (UID2817)        81         511           283         25   481   5    0    0    0       99.34            0.29              80.00          
  bin.14      o__Actinomycetales (UID1696)        455         315           190         2    307   6    0    0    0       98.95            1.83               0.00          
  bin.35      o__Burkholderiales (UID4105)         54         553           264         13   528   11   1    0    0       98.77            2.11              92.86          
  bin.54    c__Gammaproteobacteria (UID4444)      263         507           232         5    496   6    0    0    0       98.62            1.75               0.00          
  bin.20     f__Streptomycetaceae (UID2048)        60         460           233         15   442   3    0    0    0       98.59            0.19              50.00          
  bin.23       g__Burkholderia (UID4006)           64         769           248         37   705   27   0    0    0       98.56            3.23              81.48          
  bin.37      o__Pseudomonadales (UID4488)        185         813           308         30   776   7    0    0    0       98.52            0.69              57.14          
  bin.6        g__Burkholderia (UID4006)           64         769           248         9    738   22   0    0    0       98.37            3.02              13.64          
  bin.3           k__Bacteria (UID203)            5449        104            58         7     23   49   23   2    0       98.20           111.36             11.54          
  bin.31          k__Bacteria (UID203)            5449        104            58         3     83   9    9    0    0       97.96            4.42               8.33          
  bin.28        g__Pseudomonas (UID4550)           78         1044          368         60   963   21   0    0    0       97.68            1.25              71.43          
  bin.42      o__Burkholderiales (UID4105)         54         553           264         14   531   8    0    0    0       97.56            1.39              25.00          
  bin.48       o__Cytophagales (UID2938)           28         439           266         13   424   2    0    0    0       97.20            0.47               0.00          
  bin.26      o__Actinomycetales (UID1696)        455         315           190         8    299   8    0    0    0       97.11            1.69              12.50          
  bin.15        o__Rhizobiales (UID3450)          238         513           244         16   477   18   2    0    0       96.93            2.90              25.00          
  bin.18       g__Burkholderia (UID4006)           64         769           248         27   719   23   0    0    0       96.75            3.43              13.04          
  bin.11       g__Streptomyces (UID2055)           49         577           284         20   550   7    0    0    0       96.66            1.46              12.50          
  bin.22      g__Bradyrhizobium (UID3699)          37         824           336         60   739   25   0    0    0       96.65            4.54              80.00          
  bin.44      o__Burkholderiales (UID4002)        107         573           251         31   517   24   1    0    0       96.60            5.50              59.26          
  bin.21        o__Rhizobiales (UID3450)          238         513           244         31   469   13   0    0    0       96.05            2.04              30.77          
  bin.29        g__Pseudomonas (UID4550)           78         1044          368         86   945   13   0    0    0       95.96            1.15              61.54          
  bin.9       g__Bradyrhizobium (UID3699)          37         824           336         28   761   35   0    0    0       95.69            3.08              88.57          
  bin.40      o__Burkholderiales (UID4002)        107         573           251         20   529   24   0    0    0       95.69            3.63              70.83          
  bin.30       f__Rhizobiaceae (UID3563)           81         808           337         35   697   74   2    0    0       94.69           10.47              65.00          
  bin.5     c__Deltaproteobacteria (UID3216)       83         247           155         10   224   12   1    0    0       94.19            7.80               0.00          
  bin.39        o__Rhizobiales (UID3449)          345         430           257         38   385   7    0    0    0       92.39            1.63              28.57          
  bin.33    c__Alphaproteobacteria (UID3305)      564         345           228         36   304   4    1    0    0       92.13            1.97               0.00          
  bin.57     f__Xanthomonadaceae (UID4214)         55         659           290         50   583   26   0    0    0       92.11            4.67              61.54          
  bin.47     f__Burkholderiaceae (UID4003)         91         596           218         59   521   16   0    0    0       87.92            2.45              43.75          
  bin.43      o__Burkholderiales (UID4000)        193         426           213         84   328   14   0    0    0       83.89            3.67              66.67          
  bin.38      o__Burkholderiales (UID4105)         54         553           264        145   315   93   0    0    0       80.21           21.53              58.06          
  bin.17      o__Burkholderiales (UID4000)        193         427           214         98   265   61   3    0    0       78.48           13.04              32.43          
  bin.24          k__Bacteria (UID203)            5449        103            57         56    43   4    0    0    0       72.81            5.26              50.00          
  bin.56      o__Burkholderiales (UID4000)        193         427           214        138   252   37   0    0    0       68.22            5.75               2.70          
  bin.25          k__Bacteria (UID203)            5449        102            57         57    45   0    0    0    0       66.71            0.00               0.00          
  bin.53          k__Bacteria (UID203)            5449        104            58         55    47   2    0    0    0       61.31            3.45               0.00          
  bin.1           k__Bacteria (UID203)            5449        104            58         34    9    17   14   16   14      54.70           82.61               4.14          
  bin.2           k__Bacteria (UID203)            5449        104            58         35    13   17   12   12   15      52.98           86.55               2.64          
  bin.8           k__Bacteria (UID203)            5449        104            58         75    28   1    0    0    0       42.55            1.72              100.00         
  bin.64          k__Bacteria (UID203)            5449        104            58         73    31   0    0    0    0       39.58            0.00               0.00          
  bin.60          k__Bacteria (UID203)            5449        104            58         78    26   0    0    0    0       38.09            0.00               0.00          
  bin.71          k__Bacteria (UID203)            5449        104            58         81    23   0    0    0    0       35.34            0.00               0.00          
  bin.67       f__Rhizobiaceae (UID3563)           81         808           337        586   217   5    0    0    0       28.42            0.70               0.00          
  bin.69          k__Bacteria (UID203)            5449        103            58         87    16   0    0    0    0       24.29            0.00               0.00          
  bin.72          k__Bacteria (UID203)            5449        104            58         87    17   0    0    0    0       21.71            0.00               0.00          
  bin.55              root (UID1)                 5656         56            24         52    4    0    0    0    0       16.67            0.00               0.00          
  bin.73          k__Bacteria (UID203)            5449        104            58         88    16   0    0    0    0       11.76            0.00               0.00          
  bin.87          k__Bacteria (UID203)            5449        104            58         95    9    0    0    0    0       10.66            0.00               0.00          
  bin.75              root (UID1)                 5656         56            24         54    2    0    0    0    0        8.33            0.00               0.00          
  bin.65              root (UID1)                 5656         56            24         54    2    0    0    0    0        8.33            0.00               0.00          
  bin.85     f__Xanthomonadaceae (UID4214)         55         659           290        585    70   4    0    0    0        7.92            0.55              50.00          
  bin.63          k__Bacteria (UID203)            5449        104            58         97    7    0    0    0    0        7.21            0.00               0.00          
  bin.77          k__Bacteria (UID203)            5449        104            58         98    6    0    0    0    0        7.05            0.00               0.00          
  bin.89          k__Bacteria (UID203)            5449        104            58        100    4    0    0    0    0        6.90            0.00               0.00          
  bin.76          k__Bacteria (UID203)            5449        104            58        100    4    0    0    0    0        6.90            0.00               0.00          
  bin.74          k__Bacteria (UID203)            5449        104            58         99    5    0    0    0    0        6.90            0.00               0.00          
  bin.66          k__Bacteria (UID203)            5449        104            58        100    4    0    0    0    0        6.03            0.00               0.00          
  bin.97              root (UID1)                 5656         56            24         55    1    0    0    0    0        4.17            0.00               0.00          
  bin.93              root (UID1)                 5656         56            24         55    1    0    0    0    0        4.17            0.00               0.00          
  bin.88              root (UID1)                 5656         56            24         55    1    0    0    0    0        4.17            0.00               0.00          
  bin.86              root (UID1)                 5656         56            24         55    1    0    0    0    0        4.17            0.00               0.00          
  bin.95           k__Archaea (UID2)              207         149           107        144    5    0    0    0    0        3.58            0.00               0.00          
  bin.80           k__Archaea (UID2)              207         149           107        145    3    1    0    0    0        2.49            0.93               0.00          
  bin.82          k__Bacteria (UID203)            5449        104            58        101    3    0    0    0    0        2.04            0.00               0.00          
  bin.81       f__Rhizobiaceae (UID3564)           78         840           354        812    28   0    0    0    0        1.97            0.00               0.00          
  bin.92          k__Bacteria (UID203)            5449        104            58        103    1    0    0    0    0        1.72            0.00               0.00          
  bin.111         k__Bacteria (UID203)            5449        104            58        103    1    0    0    0    0        1.72            0.00               0.00          
  bin.83          k__Bacteria (UID203)            5449        103            58         93    10   0    0    0    0        1.57            0.00               0.00          
  bin.96       g__Burkholderia (UID4006)           64         769           248        739    30   0    0    0    0        1.02            0.00               0.00          
  bin.109         k__Bacteria (UID203)            5449        104            58        101    3    0    0    0    0        0.47            0.00               0.00          
  bin.113         k__Bacteria (UID203)            5449        104            58        102    2    0    0    0    0        0.31            0.00               0.00          
  bin.99              root (UID1)                 5656         56            24         56    0    0    0    0    0        0.00            0.00               0.00          
  bin.98              root (UID1)                 5656         56            24         56    0    0    0    0    0        0.00            0.00               0.00          
  bin.94              root (UID1)                 5656         56            24         56    0    0    0    0    0        0.00            0.00               0.00          
  bin.91              root (UID1)                 5656         56            24         56    0    0    0    0    0        0.00            0.00               0.00          
  bin.90              root (UID1)                 5656         56            24         56    0    0    0    0    0        0.00            0.00               0.00          
  bin.84              root (UID1)                 5656         56            24         56    0    0    0    0    0        0.00            0.00               0.00          
  bin.79              root (UID1)                 5656         56            24         56    0    0    0    0    0        0.00            0.00               0.00          
  bin.78              root (UID1)                 5656         56            24         56    0    0    0    0    0        0.00            0.00               0.00          
  bin.70              root (UID1)                 5656         56            24         56    0    0    0    0    0        0.00            0.00               0.00          
  bin.68              root (UID1)                 5656         56            24         56    0    0    0    0    0        0.00            0.00               0.00          
  bin.58              root (UID1)                 5656         56            24         56    0    0    0    0    0        0.00            0.00               0.00          
  bin.114             root (UID1)                 5656         56            24         56    0    0    0    0    0        0.00            0.00               0.00          
  bin.112             root (UID1)                 5656         56            24         56    0    0    0    0    0        0.00            0.00               0.00          
  bin.110             root (UID1)                 5656         56            24         56    0    0    0    0    0        0.00            0.00               0.00          
  bin.108             root (UID1)                 5656         56            24         56    0    0    0    0    0        0.00            0.00               0.00          
  bin.107             root (UID1)                 5656         56            24         56    0    0    0    0    0        0.00            0.00               0.00          
  bin.106             root (UID1)                 5656         56            24         56    0    0    0    0    0        0.00            0.00               0.00          
  bin.105             root (UID1)                 5656         56            24         56    0    0    0    0    0        0.00            0.00               0.00          
  bin.104             root (UID1)                 5656         56            24         56    0    0    0    0    0        0.00            0.00               0.00          
  bin.103             root (UID1)                 5656         56            24         56    0    0    0    0    0        0.00            0.00               0.00          
  bin.102             root (UID1)                 5656         56            24         56    0    0    0    0    0        0.00            0.00               0.00          
  bin.101             root (UID1)                 5656         56            24         56    0    0    0    0    0        0.00            0.00               0.00          
  bin.100             root (UID1)                 5656         56            24         56    0    0    0    0    0        0.00            0.00               0.00          
----------------------------------------------------------------------------------------------------------------------------------------------------------------------------
